3
1000
609 711
524 279
311 191
484 632
257 989
107 054
572 589
181 028
866 207
359 325
251 015
433 649
388 953
694 422
696 270
970 986
714 334
983 050
542 482
452 493
988 356
923 865
416 979
488 026
064 234
769 736
167 952
116 061
312 153
524 897
284 348
344 768
573 963
864 533
475 851
353 121
415 960
844 182
752 038
175 987
480 438
453 715
558 173
094 945
865 696
255 302
894 556
105 373
621 423
259 500
503 089
594 690
416 275
112 433
019 056
597 995
629 161
476 910
770 927
731 884
308 258
594 412
135 207
628 950
205 175
503 714
845 264
931 743
481 583
974 719
849 315
271 944
232 649
606 779
724 819
613 323
054 921
175 151
860 872
553 555
515 567
669 843
302 506
255 688
267 868
484 580
034 964
647 696
781 315
027 093
289 407
798 135
571 635
890 993
935 594
072 072
947 785
503 059
540 865
807 617
020 724
133 650
684 468
067 701
294 432
940 283
361 559
703 908
938 020
234 311
426 899
905 118
537 876
175 559
505 945
913 059
549 149
814 807
435 131
974 485
720 884
312 922
201 436
794 536
049 798
538 338
331 551
279 246
468 496
975 492
982 236
669 201
839 839
509 129
911 119
257 935
360 257
027 390
371 061
901 902
444 316
588 922
153 457
047 172
225 631
186 457
195 625
632 189
579 487
318 118
648 021
348 017
034 225
399 851
207 304
603 385
770 636
215 417
359 041
485 306
942 067
711 563
003 394
356 116
326 558
726 073
581 824
245 048
654 662
761 888
652 914
229 873
982 270
569 742
071 656
386 333
402 318
822 787
390 730
134 043
043 704
938 922
993 884
385 600
287 906
352 661
823 573
165 540
668 955
268 656
072 082
701 996
932 970
780 954
090 484
593 957
613 659
576 227
214 083
527 493
346 684
317 289
882 803
781 821
973 480
408 971
748 179
024 315
378 434
062 436
587 688
270 787
210 358
674 591
648 978
307 521
251 986
557 361
189 496
844 296
671 139
449 597
635 339
545 296
922 248
124 408
941 534
402 244
998 816
533 545
814 868
977 310
760 076
933 993
701 370
011 892
490 843
843 855
785 098
656 056
596 183
306 540
752 017
966 208
536 455
479 595
702 395
160 076
004 615
660 001
269 829
040 820
925 873
085 092
398 876
220 666
919 940
930 246
177 722
680 648
408 005
128 514
345 407
275 812
594 820
144 214
895 284
873 668
387 491
657 120
952 334
662 710
080 347
723 229
128 133
213 994
585 003
178 845
008 213
588 972
510 401
879 106
101 627
973 330
872 213
503 947
574 320
018 665
169 122
990 742
872 486
376 296
354 617
763 462
963 450
247 737
950 438
242 949
730 528
165 353
204 035
268 408
534 595
879 671
255 432
669 117
346 834
523 063
059 918
799 175
764 616
241 198
579 518
782 125
141 216
821 632
941 752
155 932
344 923
793 454
395 049
203 162
290 995
794 420
444 241
797 296
746 017
909 523
388 474
325 346
946 426
694 443
091 447
170 977
029 576
912 793
789 111
445 694
372 135
292 971
666 168
618 682
470 368
375 218
039 316
387 888
441 758
110 382
516 950
996 627
778 230
342 377
233 168
387 826
176 850
267 131
781 267
736 794
760 974
995 617
346 024
823 226
029 783
309 336
919 342
375 633
147 797
275 074
263 602
007 700
791 184
144 356
789 589
831 182
120 107
280 563
434 275
708 570
787 921
952 343
080 891
749 054
067 251
105 764
192 069
818 627
340 443
882 732
292 359
444 457
237 673
792 803
858 402
650 343
917 244
520 174
009 671
065 688
892 631
711 192
519 200
494 627
586 874
214 977
374 991
779 434
796 943
758 201
568 477
384 200
816 809
209 212
393 682
016 583
214 107
711 663
414 897
181 134
451 460
789 201
747 869
369 731
675 304
345 604
320 439
694 473
270 827
019 150
529 394
317 486
411 776
007 865
752 657
363 355
811 027
306 178
204 694
135 878
150 726
429 699
819 382
098 030
801 896
716 095
821 551
949 194
707 026
222 014
768 901
018 703
885 221
585 027
815 791
273 707
582 485
092 272
692 600
209 216
498 298
528 550
971 882
001 239
670 419
159 755
020 235
538 073
563 021
815 984
413 018
873 079
961 678
079 627
929 956
444 319
830 767
069 100
470 287
822 669
173 379
214 135
634 973
598 838
088 527
271 925
555 357
910 663
144 362
489 121
474 871
101 960
975 407
890 413
095 394
880 939
272 618
582 448
262 149
804 573
860 660
105 905
373 913
497 253
372 837
419 856
350 005
978 894
603 972
623 467
048 370
678 175
303 558
970 340
043 506
681 623
894 575
697 767
221 999
448 624
424 243
388 916
646 218
640 222
167 891
070 535
222 786
120 882
309 810
922 690
162 907
091 294
937 902
458 507
702 165
973 702
107 711
413 155
428 609
836 351
370 852
992 373
699 580
076 045
121 668
940 245
477 357
066 597
500 151
722 036
317 399
104 563
206 716
751 053
842 809
788 310
146 485
108 874
261 949
141 588
887 295
560 848
761 308
332 904
438 571
784 382
698 680
328 027
080 990
390 448
669 546
976 908
965 885
046 977
988 250
050 437
806 889
063 896
441 608
211 511
590 542
527 891
887 684
030 350
599 317
494 337
336 206
593 735
114 097
292 418
056 536
115 679
516 912
426 856
657 746
155 469
314 061
812 035
620 506
259 380
961 660
416 368
145 583
178 815
910 161
557 863
733 644
313 381
605 132
731 963
829 076
033 675
857 861
834 106
562 599
353 954
313 530
029 654
658 811
955 219
038 210
946 081
936 715
798 759
599 251
119 449
879 413
477 793
238 359
542 302
386 229
960 626
206 805
133 785
584 632
642 385
129 970
597 447
563 959
726 537
740 075
258 976
404 254
284 435
617 780
418 180
239 044
685 759
062 717
100 442
560 684
188 530
488 259
164 857
988 145
215 562
322 343
448 695
867 459
050 038
128 421
039 632
715 814
893 331
573 555
249 526
754 860
434 299
272 218
656 681
598 961
981 045
508 745
413 837
744 294
823 569
152 407
308 644
588 829
524 456
712 108
655 914
562 631
240 602
301 098
296 362
920 248
878 332
362 312
037 008
864 263
977 546
087 638
361 599
007 757
888 556
223 302
516 331
545 331
328 447
138 282
534 047
060 218
323 411
568 544
372 829
673 579
610 976
527 494
588 004
672 634
658 083
849 971
338 108
140 933
167 440
617 801
995 632
552 571
702 343
051 761
663 448
591 861
126 807
394 396
872 819
996 145
558 331
633 636
706 295
433 575
440 100
036 184
885 711
297 648
885 769
928 657
180 343
562 593
276 825
458 558
839 779
796 485
233 187
885 826
101 163
966 427
841 354
778 238
850 725
236 058
457 623
315 330
416 009
158 590
214 715
023 479
980 750
210 692
900 311
479 275
391 443
044 898
342 289
010 945
029 736
081 998
133 933
291 218
881 115
133 653
331 876
024 640
070 878
400 350
683 302
556 745
014 519
578 309
676 637
346 686
053 594
863 148
721 390
021 048
459 869
036 092
022 265
631 955
696 405
005 506
892 640
693 445
585 657
738 612
780 720
778 047
120 483
698 046
236 929
885 360
031 613
741 107
891 769
363 728
103 105
397 013
208 609
114 298
026 003
512 237
654 381
407 674
366 983
844 862
948 074
821 991
698 948
437 567
876 113
611 920
728 058
553 827
041 706
853 214
788 628
939 207
642 376
852 274
849 266
928 923
827 111
395 927
951 163
532 638
305 326
185 551
307 995
646 370
296 694
863 727
904 473
808 945
087 394
691 764
665 183
479 416
278 921
652 866
990 062
904 144
689 298
227 470
973 644
525 413
196 284
445 742
326 143
093 419
622 208
150 590
110 671
412 763
492 885
585 576
017 887
795 847
405 064
407 346
433 287
309 592
480 070
031 872
918 358
968 211
729 402
218 243
525 488
758 839
228 041
658 673
086 521
583 833
755 320
446 826
501 849
885 936
583 488
033 143
225 496
358 988
358 192
754 947
918 036
988 880
046 091
710 131
154 813
118 174
718 240
079 375
697 485
512 188
290 610
164 455
610 898
470 777
666 509
862 508
501 688
133 266
892 272
155 601
738 465
057 979
743 265
246 226
122 647
638 174
470 299
080 634
565 576
076 968
008 893
174 645
739 740
195 869
520 325
543 447
906 335
030 628
872 466
594 050
944 390
749 780
037 156
148 002
408 119
692 286
362 096
127 007
011 429
017 283
059 418
635 454
741 928
254 476
643 313
682 823
760 444
722 411
487 473
169 625
646 513
033 687
318 410
374 879
399 168
065 762
936 579
294 008
020 503
767 372
948 484
976 061
923 359
757 966
869 129
472 671
646 120
658 343
311 453
755 927
215 861
961 275
571 683
787 581
541 280
441 854
284 678
476 703
546 615
393 445
525 835
620 537
650 352
143 225
310 593
441 379
462 478
758 166
910 865
238 735
694 063
810 564
902 954
813 625
690 622
717 766
020 627
610 222
674 875
