100 3000
79 66 76 48 81 23 76 94 37 76 66 20 48 20 37 94 48 30 37 79 20 79 30 66 48 81 79 23 94 37 23 48 23 48 23 94 23 94 79 23 76 30 94 93 76 94 37 76 48 66 48 48 30 76 76 20 48 81 81 20 66 81 48 81 79 23 79 76 23 37 93 81 93 76 81 76 94 93 48 93 94 37 30 23 93 94 30 48 66 93 48 23 20 23 48 37 94 81 94 23
27 96
71 87
41 46
9 91
82 91
64 91
27 92
26 100
31 82
25 50
71 75
83 93
22 28
78 91
26 95
26 47
0 15
22 54
13 35
73 96
26 71
33 73
72 87
59 72
37 60
33 63
45 61
22 72
12 21
37 39
58 84
53 61
23 75
18 23
25 51
80 98
7 85
13 90
4 99
9 34
22 57
13 74
15 54
73 91
43 80
10 87
69 75
34 86
23 25
8 59
46 48
38 69
4 9
65 75
32 69
6 26
11 97
51 78
36 51
17 51
40 43
61 80
9 88
43 95
6 66
1 24
34 85
25 57
53 80
12 31
62 91
32 89
8 95
7 43
45 90
74 76
24 74
50 68
86 91
51 62
44 90
52 96
9 77
48 55
54 100
76 80
3 25
79 93
35 74
39 54
48 73
79 83
74 82
68 99
36 63
28 72
40 64
8 10
51 73
40 91
8 79
71 77
3 7
19 66
41 48
5 53
57 73
6 36
40 55
57 61
24 88
82 86
29 93
13 77
59 90
37 60
8 59
21 89
58 88
45 53
25 79
19 70
0 46
4 32
8 49
20 80
62 81
10 14
7 53
15 71
19 73
34 44
75 97
22 48
46 54
28 72
8 38
12 16
0 64
34 62
52 90
34 93
7 62
8 46
56 77
5 67
25 76
7 91
14 78
41 81
36 73
6 83
9 40
43 93
47 58
34 60
20 38
42 80
29 48
16 50
35 57
96 99
28 61
73 87
37 46
2 30
64 72
74 79
31 32
11 86
61 90
16 52
38 42
10 77
18 38
12 73
55 63
61 98
22 88
41 80
92 100
71 97
5 25
60 71
45 67
21 45
70 79
24 74
68 84
11 92
33 40
18 88
3 43
15 72
37 74
33 39
0 32
43 92
36 67
30 70
11 72
35 63
33 53
84 90
36 91
65 83
19 54
0 63
7 21
14 37
5 46
25 76
30 55
41 63
32 94
44 67
81 88
18 39
74 86
22 80
10 78
52 89
10 16
39 57
24 33
12 82
8 60
21 59
50 80
18 38
5 38
18 46
40 61
41 70
27 90
12 66
7 49
47 69
14 17
41 49
15 58
32 54
72 93
76 99
31 91
29 61
46 65
20 84
67 89
73 78
45 96
34 92
64 98
3 19
33 57
26 43
54 61
5 24
44 55
48 84
38 57
6 36
43 82
6 93
38 39
48 81
23 40
4 27
15 24
34 83
92 100
23 52
11 68
3 92
17 68
18 45
30 61
30 84
45 62
49 98
34 66
13 73
41 82
23 39
28 63
41 55
4 65
2 69
52 58
47 56
35 78
14 16
46 84
32 84
22 28
55 84
45 82
4 33
9 69
9 85
21 32
10 95
28 87
27 31
16 35
55 94
0 15
64 70
55 59
40 72
8 84
32 58
6 62
18 49
76 100
77 97
7 85
61 92
72 85
4 47
10 37
34 65
3 17
3 6
33 70
14 21
45 87
34 60
41 74
10 94
6 89
41 99
39 61
19 71
24 72
16 39
75 95
77 89
10 85
65 85
33 59
5 64
42 66
3 6
9 59
56 79
20 91
10 16
10 75
36 47
64 78
40 45
25 66
41 83
34 59
26 68
40 65
2 86
15 53
20 55
34 87
8 76
37 94
1 95
26 91
20 66
73 90
23 99
25 81
2 27
44 61
19 42
17 95
2 44
9 67
15 87
7 33
7 93
48 66
27 91
20 83
63 73
30 36
42 95
28 64
23 33
54 90
88 90
49 80
26 49
45 98
41 84
56 93
70 97
1 39
44 66
30 98
24 28
11 68
81 82
2 51
1 16
4 29
3 74
7 43
26 76
10 90
13 22
58 95
27 32
2 71
23 82
67 89
54 64
1 63
24 87
49 79
46 64
5 12
34 65
68 80
64 100
32 87
57 77
15 64
8 78
59 94
63 87
51 74
10 93
55 72
9 81
66 100
30 95
26 66
35 73
3 34
62 82
44 81
0 72
41 66
8 45
12 94
33 37
24 65
39 100
77 95
68 76
58 76
12 26
41 87
78 92
70 75
69 82
24 45
68 73
14 40
17 99
20 78
56 88
14 87
21 92
27 100
4 55
58 78
58 92
22 25
31 41
0 35
8 37
27 70
51 65
2 67
65 98
17 19
39 46
2 56
20 57
9 60
0 69
11 62
62 66
9 96
31 85
49 50
8 12
68 98
85 97
60 100
48 89
45 85
56 76
4 74
24 28
73 85
8 78
11 77
61 99
13 72
53 77
69 94
50 64
63 83
73 76
15 92
48 76
10 39
43 83
19 93
7 71
9 40
34 92
4 14
16 99
84 88
0 55
38 70
53 62
60 80
64 96
57 91
43 52
54 81
67 71
19 82
18 48
22 64
35 57
48 83
32 37
53 69
15 43
58 67
4 62
71 86
60 73
38 46
75 89
14 69
3 98
51 93
2 66
4 39
58 66
1 100
20 45
72 93
17 32
18 41
10 90
13 55
45 83
4 35
20 52
57 89
28 50
42 56
26 31
39 43
32 51
29 94
4 76
2 18
3 46
3 25
2 54
4 38
3 36
25 50
47 58
47 65
1 13
5 45
5 76
4 59
83 85
43 48
40 48
25 83
35 85
35 37
28 51
10 13
5 54
28 67
85 89
3 81
70 86
0 53
7 60
11 23
6 58
11 30
29 87
23 72
58 84
34 56
7 90
5 65
3 31
14 78
37 48
43 92
17 60
34 81
2 97
43 58
29 94
26 57
48 79
77 84
69 88
10 44
12 65
55 84
30 58
25 36
82 96
54 77
86 98
54 85
0 86
63 98
63 96
66 100
31 52
6 60
48 64
81 93
5 86
24 63
6 38
47 81
38 52
24 43
46 67
16 77
10 29
4 52
63 75
53 67
89 98
9 24
49 68
7 28
16 91
19 74
2 13
9 52
31 69
3 15
1 57
16 58
35 53
2 33
53 79
25 96
41 95
42 76
29 99
9 86
60 82
61 82
8 72
38 82
62 87
47 59
39 50
16 45
87 91
18 36
35 98
2 6
8 24
22 32
40 75
24 50
1 43
84 89
63 77
62 93
96 100
28 49
42 55
29 58
8 31
45 68
44 51
4 73
63 71
37 67
9 17
15 36
47 93
30 77
70 75
2 41
15 60
53 86
64 73
30 41
18 36
26 48
52 96
80 93
61 87
36 73
69 76
36 91
11 52
36 92
34 47
12 90
9 50
8 91
32 67
74 80
63 74
45 85
80 88
29 75
51 77
87 93
21 73
54 66
2 42
41 46
53 80
50 94
13 41
39 70
13 59
9 55
77 81
16 88
17 62
38 70
6 75
75 95
6 73
35 38
19 45
9 95
10 60
17 35
11 88
36 86
3 76
42 85
35 97
65 95
1 46
13 83
12 43
26 48
18 96
17 92
54 89
34 86
16 79
52 95
44 79
95 99
46 51
20 41
6 64
37 42
10 17
3 35
45 100
11 90
20 99
61 89
35 72
87 91
39 50
68 100
22 55
41 59
15 58
79 92
14 64
4 70
20 33
8 38
29 58
27 67
60 86
57 85
59 67
10 30
54 92
83 89
20 99
28 41
49 99
4 34
54 71
32 74
1 76
10 55
17 82
3 47
30 73
58 79
63 85
34 49
37 65
18 40
18 96
62 97
40 61
51 61
6 43
24 100
40 100
32 75
29 45
60 76
8 60
42 48
44 92
16 53
29 90
32 43
10 25
11 50
0 73
27 73
90 95
0 86
48 73
34 93
13 38
61 80
30 85
60 66
47 57
14 47
16 21
30 60
4 28
19 49
24 71
34 97
27 68
52 57
35 70
44 73
34 93
19 98
44 84
25 94
75 89
7 46
62 74
52 96
55 99
4 28
24 59
37 75
40 88
14 70
5 26
43 88
29 76
32 58
45 64
31 65
38 70
5 72
76 97
79 97
55 65
4 45
37 94
26 42
33 42
49 67
0 21
71 86
4 89
26 72
41 62
6 54
15 76
14 19
3 34
56 79
13 83
11 33
14 75
45 81
17 83
12 23
15 73
60 79
18 75
0 45
70 74
19 46
0 63
6 7
53 75
82 94
11 23
40 98
23 54
13 86
88 96
12 45
51 99
48 73
15 95
66 72
15 17
5 52
28 55
7 22
1 11
8 52
17 34
1 41
56 91
26 57
2 73
17 72
8 62
75 84
4 18
36 42
21 28
27 45
52 96
35 50
22 30
17 94
59 80
36 62
6 99
29 60
24 40
68 88
5 80
81 96
73 84
20 29
39 47
15 42
53 87
33 69
37 66
10 36
1 75
12 67
60 89
64 93
76 95
63 90
73 85
7 90
90 96
6 16
53 96
54 67
34 46
13 18
33 90
20 30
80 85
19 40
54 93
30 94
53 80
24 36
64 78
63 68
16 89
62 98
38 56
12 78
24 60
12 22
9 25
12 16
32 92
60 77
48 59
58 71
49 85
12 99
45 83
24 52
31 68
68 99
65 77
17 78
37 87
2 98
29 31
5 99
34 99
86 97
23 96
32 57
83 94
40 83
50 99
46 90
21 72
22 53
20 68
13 21
36 55
12 51
2 37
5 78
17 36
4 70
26 87
66 85
27 51
18 36
92 100
11 35
49 55
10 36
3 26
6 70
65 78
40 62
2 32
84 100
74 86
22 38
75 98
27 85
15 75
4 48
65 73
11 79
3 99
16 35
26 55
25 99
49 66
52 58
18 58
39 92
3 74
19 62
78 93
27 33
62 87
33 67
36 82
31 57
19 79
35 96
30 69
10 41
49 99
70 84
40 95
51 99
9 31
63 73
4 9
11 74
47 75
42 97
5 92
31 47
30 74
25 32
5 90
64 87
27 74
0 67
8 49
55 84
52 62
22 47
48 84
20 65
78 83
6 62
13 34
61 85
34 83
20 61
64 66
11 56
33 59
59 66
30 96
6 80
73 93
51 71
50 68
76 93
47 76
9 31
23 31
21 72
11 78
30 43
50 58
59 70
2 86
73 82
72 92
51 88
26 47
5 27
14 69
3 23
79 93
38 96
14 62
77 85
30 81
26 56
9 99
26 71
0 68
40 73
22 88
88 100
34 76
29 92
60 86
47 87
9 18
0 83
16 97
48 65
25 50
5 98
51 91
8 29
17 66
39 94
29 65
13 66
1 98
3 10
21 71
24 48
10 54
85 93
29 36
15 40
2 16
86 100
44 63
6 92
66 77
14 29
91 94
50 74
45 59
1 58
25 35
55 94
23 33
17 19
35 47
29 67
7 41
2 38
33 90
13 66
14 73
85 95
29 81
12 100
8 53
5 54
30 97
8 97
42 77
59 92
42 97
0 95
29 99
14 33
9 91
31 98
22 31
29 74
43 62
21 45
14 51
2 92
21 63
52 70
44 64
4 46
65 77
34 83
56 99
29 48
40 77
55 87
36 89
64 94
43 96
31 39
25 85
4 48
7 61
29 97
12 59
27 76
45 78
2 51
13 28
14 68
6 86
12 14
59 89
1 5
4 84
69 72
59 60
31 77
41 77
38 79
17 92
65 82
65 82
4 27
21 94
7 78
8 29
9 43
10 34
26 82
7 24
19 93
2 100
62 89
46 60
16 59
29 65
28 89
70 88
10 97
45 85
93 98
11 31
91 97
24 44
63 71
56 61
52 63
1 55
7 40
3 99
52 99
31 98
18 88
27 35
3 92
19 23
9 63
1 22
19 45
74 80
26 72
23 86
1 29
92 95
45 90
13 70
12 21
55 71
10 32
23 70
60 81
50 84
28 62
16 28
36 93
67 76
80 100
94 98
40 71
72 82
35 54
19 85
10 68
15 75
9 74
40 87
26 64
3 81
33 66
0 64
32 98
11 48
19 46
25 32
16 43
2 76
18 60
14 24
32 45
38 63
26 49
21 35
19 78
38 85
49 87
2 12
10 62
23 70
17 96
31 77
53 100
21 77
67 82
15 93
19 52
7 71
56 81
43 55
16 66
67 95
18 64
47 64
50 63
35 70
1 62
23 91
42 80
11 97
20 91
19 28
8 43
74 99
38 45
53 62
47 59
15 32
40 43
63 83
13 60
35 40
67 100
1 29
12 30
47 81
47 59
46 92
61 69
7 65
61 69
15 64
53 67
18 25
37 53
31 84
5 81
72 97
56 78
26 64
28 83
17 74
42 99
7 31
54 78
27 77
11 42
30 48
36 86
19 98
36 59
26 52
10 21
13 95
30 33
5 46
1 67
65 75
78 100
0 33
50 77
17 82
23 71
61 97
41 68
11 51
14 53
4 9
22 37
23 67
7 68
72 80
16 27
28 97
26 48
53 74
12 93
9 11
45 68
27 75
82 89
96 100
55 91
4 50
17 19
39 93
27 31
3 39
12 72
41 46
64 79
0 87
53 94
8 37
8 82
28 71
38 98
37 85
22 62
18 63
12 84
56 59
33 65
48 59
74 81
40 96
58 73
10 80
49 85
10 85
8 86
22 74
64 78
15 84
51 80
3 9
15 44
0 25
4 14
26 41
26 40
9 82
51 76
17 74
17 87
8 28
67 94
30 41
40 48
39 50
43 63
1 27
77 79
14 43
30 46
38 46
56 74
29 88
31 61
43 95
63 69
18 65
20 74
49 55
76 96
80 87
57 74
15 28
89 95
38 57
37 47
37 60
2 31
6 31
9 83
7 10
18 61
33 45
57 76
25 87
17 94
31 55
0 58
10 31
12 41
7 38
61 74
74 99
20 91
3 62
63 80
3 7
2 63
24 58
5 15
46 100
81 98
2 10
84 92
72 80
40 74
1 39
50 91
54 92
35 88
0 94
31 73
38 98
27 93
43 70
15 66
27 32
6 37
56 92
16 88
71 96
20 34
25 49
57 72
66 96
3 39
29 76
16 35
44 46
1 65
11 55
7 29
40 71
57 92
16 88
24 67
53 83
14 89
13 23
44 51
19 69
37 50
3 9
29 37
10 80
56 88
42 45
19 38
37 88
44 57
97 100
20 88
9 74
60 75
37 66
37 50
13 100
22 29
6 82
3 91
22 96
16 55
14 23
50 92
10 83
14 43
81 92
37 63
76 89
4 86
61 100
39 92
49 64
52 69
26 38
22 88
58 88
43 54
63 87
13 99
11 29
32 46
0 21
32 83
56 73
0 19
1 84
27 98
13 15
28 78
87 99
37 94
62 80
16 93
58 67
2 71
10 87
35 43
16 49
51 64
40 64
79 84
69 86
26 40
0 44
68 93
59 75
24 51
61 79
68 80
0 12
35 91
52 61
91 97
1 40
1 81
4 50
24 88
78 99
14 74
61 82
85 94
12 45
3 94
19 75
18 47
72 88
3 92
0 99
34 99
38 50
34 94
8 38
2 27
59 82
20 42
4 96
5 10
57 66
30 36
7 85
34 71
65 74
7 89
21 27
62 82
15 41
24 76
30 87
20 85
14 69
63 79
1 47
22 36
27 39
19 99
49 81
32 67
41 79
9 86
34 45
29 77
14 49
10 30
2 40
62 76
21 39
9 55
29 82
7 88
52 69
3 17
17 33
58 82
32 49
54 59
47 98
23 45
14 43
4 17
16 25
85 97
10 13
93 100
27 54
61 82
23 39
40 53
22 35
23 33
68 91
8 77
58 71
43 75
48 57
13 99
25 46
47 94
26 83
35 54
75 93
38 99
20 49
2 77
24 46
12 22
7 57
73 98
42 90
12 72
24 99
0 66
23 64
5 48
44 81
5 18
57 81
16 69
56 67
41 96
43 87
61 65
45 67
35 97
58 59
12 100
19 21
42 77
9 93
16 74
0 75
21 90
4 7
21 52
21 67
70 71
75 93
2 11
29 37
78 87
62 67
26 32
7 57
50 97
28 52
48 55
73 96
17 72
0 65
25 90
24 39
3 97
18 91
50 52
40 83
48 74
62 89
36 91
35 47
19 61
1 3
88 100
16 89
18 97
57 90
8 15
8 44
18 67
26 82
25 65
47 50
91 96
24 84
17 26
61 94
17 52
1 5
63 80
63 88
35 40
9 38
3 19
30 54
4 85
49 81
27 57
28 95
30 49
7 13
42 75
24 42
11 24
27 48
12 17
55 81
12 21
46 55
22 33
73 77
8 43
2 32
47 98
32 35
57 91
5 32
49 88
4 27
36 48
2 8
20 69
27 49
16 50
8 71
29 82
61 86
10 57
66 82
4 85
37 84
81 100
50 83
95 97
8 100
92 97
53 59
0 43
19 62
51 63
17 97
29 80
69 93
14 92
54 68
7 95
16 51
68 83
67 81
50 75
40 50
73 90
14 47
62 66
53 76
26 70
63 73
20 98
46 71
1 83
27 31
21 25
6 76
11 21
34 64
28 85
17 47
13 19
14 62
1 95
27 33
0 64
11 62
19 46
6 14
53 63
38 74
1 81
7 53
34 82
20 54
3 73
69 71
7 72
22 47
13 81
88 93
69 78
59 61
21 85
87 88
48 70
10 74
26 77
44 72
4 78
15 33
17 20
34 43
57 88
6 27
9 81
57 60
88 92
26 60
18 73
28 93
10 93
23 37
2 49
9 11
46 61
25 40
12 84
52 74
71 78
0 100
79 83
22 57
3 17
40 54
82 96
61 75
62 93
13 68
4 41
66 87
26 36
36 92
30 100
9 20
61 71
48 57
9 94
47 57
80 91
64 97
42 89
35 68
16 32
24 69
9 53
20 61
6 13
14 16
20 83
47 64
15 26
2 90
31 97
37 42
69 90
35 98
25 33
5 91
57 68
62 78
24 41
5 50
37 55
23 76
51 95
9 58
10 27
34 80
43 63
47 53
13 74
46 62
15 62
0 20
22 78
91 98
25 98
0 81
60 99
46 91
37 47
3 19
30 45
13 45
17 70
18 95
29 56
4 43
21 24
31 66
34 87
29 64
30 61
13 51
13 71
47 91
10 90
0 26
63 97
6 35
44 59
43 73
41 84
32 75
20 68
25 93
29 93
11 48
74 84
13 73
32 55
26 84
22 60
5 53
87 93
72 98
76 82
27 86
29 59
83 92
10 41
26 54
73 75
25 55
30 34
71 75
54 63
9 28
71 95
19 53
66 83
7 76
2 52
2 91
70 100
11 89
68 86
9 68
82 88
42 53
7 21
26 40
45 65
39 54
6 48
38 75
2 91
42 48
19 86
1 90
11 59
51 93
15 78
52 74
41 96
19 78
4 70
26 41
12 45
51 77
7 65
6 91
33 59
9 46
2 76
5 75
72 84
25 70
10 28
63 73
7 56
54 91
91 96
30 49
11 47
52 74
82 83
4 34
6 56
4 22
2 65
46 69
78 96
65 83
18 93
36 61
41 86
34 90
25 89
53 88
23 80
15 64
3 61
33 85
45 92
75 92
16 37
20 93
59 93
44 60
81 95
11 73
18 41
13 48
19 81
0 42
34 52
37 73
13 80
46 82
55 57
32 60
44 98
13 29
16 26
9 60
17 24
72 82
56 76
33 64
68 96
62 72
79 88
2 21
51 54
54 92
14 94
3 20
27 75
74 94
59 96
34 72
62 94
9 94
26 54
1 46
0 71
78 97
7 44
81 90
21 46
26 87
40 43
15 33
0 64
2 39
43 91
14 35
22 48
18 84
6 53
9 70
18 67
0 92
52 96
5 92
20 49
75 92
68 74
32 61
69 76
23 34
32 63
6 9
51 80
11 56
17 34
32 79
1 3
26 73
16 65
3 31
20 72
19 34
2 56
25 77
72 96
46 77
7 24
47 88
11 34
46 77
21 30
1 48
20 78
26 43
30 50
21 25
26 64
30 41
16 57
25 70
17 80
26 34
2 79
38 75
5 34
2 75
25 80
4 33
62 94
79 89
19 91
80 99
13 38
16 89
11 51
44 95
43 62
55 80
66 93
72 78
10 60
8 23
7 95
9 26
20 43
25 98
41 49
11 84
12 49
34 39
17 73
56 73
37 87
13 28
88 94
29 65
16 45
7 71
35 62
67 90
23 34
19 81
10 87
59 84
6 37
56 72
15 65
58 76
3 54
44 50
37 87
3 74
38 47
70 77
68 99
5 92
12 77
6 34
73 77
28 60
22 69
10 15
27 90
68 89
40 41
30 42
38 42
1 52
76 80
0 79
53 86
71 80
2 34
60 93
50 76
56 92
28 41
51 62
37 87
7 67
47 64
13 84
32 75
33 91
39 55
61 89
6 51
13 70
26 92
30 36
31 93
67 95
8 62
62 85
1 76
25 89
16 44
44 65
45 55
1 8
40 50
7 45
21 85
8 51
0 45
90 99
95 97
0 91
79 99
27 76
88 98
0 72
59 88
47 92
19 89
14 55
20 65
12 56
14 20
34 54
72 79
48 87
65 67
33 73
35 97
34 96
17 31
50 55
7 81
83 98
1 49
39 93
3 55
38 48
51 97
38 59
19 81
17 58
43 90
34 74
27 69
46 50
19 71
23 94
64 72
2 53
21 95
84 86
70 92
19 92
46 74
73 94
19 97
23 86
60 98
51 65
46 78
73 99
27 47
9 94
64 91
18 51
55 100
82 95
58 98
82 88
13 26
24 48
43 87
36 54
1 84
1 70
11 97
10 53
27 65
68 71
61 67
50 72
23 78
12 83
14 15
4 92
4 25
62 69
61 65
7 39
28 62
23 85
10 95
0 88
20 69
28 82
5 47
64 68
21 48
2 57
34 62
56 57
5 52
5 37
8 69
89 99
3 14
26 50
38 65
39 48
70 78
5 47
98 100
57 85
18 51
24 94
67 87
22 30
8 76
29 98
2 88
4 64
5 86
18 36
33 35
44 81
83 95
45 70
77 90
41 48
44 45
40 88
35 51
50 59
14 90
28 58
74 100
44 83
54 90
42 89
21 79
29 53
13 49
87 91
10 28
64 91
5 24
18 74
56 65
69 84
54 74
28 91
12 44
62 95
7 52
53 86
56 97
19 71
43 78
75 96
5 6
67 69
17 55
21 85
21 77
1 19
18 92
16 88
11 26
49 64
7 90
36 48
39 75
33 78
29 41
40 62
3 60
53 86
22 23
23 29
67 79
42 82
3 52
29 86
44 97
17 58
42 83
28 48
11 58
2 41
61 73
30 42
23 91
11 30
74 82
35 96
4 64
22 46
45 65
20 39
68 98
20 84
39 97
11 56
23 52
9 25
25 52
17 76
77 89
7 18
57 97
19 74
34 62
66 96
25 90
66 89
28 54
13 43
6 79
63 74
27 84
79 80
2 88
26 90
2 89
44 100
36 54
11 15
35 57
5 13
28 39
54 71
18 44
40 42
24 36
16 48
41 92
6 53
23 82
7 26
55 66
6 64
71 99
47 98
3 83
20 41
15 38
41 61
20 35
55 71
47 72
52 67
40 54
29 96
61 94
30 55
14 27
74 80
34 85
18 45
11 87
46 88
65 90
9 16
6 29
90 99
45 74
15 41
12 33
48 77
69 97
66 73
13 35
6 66
59 64
29 78
12 32
7 16
10 76
2 85
8 85
70 85
45 49
49 86
14 18
19 21
12 41
16 28
30 95
35 49
80 97
27 35
5 73
10 50
18 82
37 86
11 39
25 62
7 81
78 91
40 44
54 96
41 50
20 52
75 99
48 67
16 47
47 91
26 28
38 63
0 81
12 70
20 62
37 100
16 68
36 38
26 97
74 92
73 97
19 39
0 60
36 93
7 78
36 53
56 88
26 51
6 54
50 65
51 56
17 41
19 48
25 67
25 35
47 82
30 35
2 73
84 97
16 65
13 38
29 87
79 90
79 99
59 70
58 93
12 27
42 88
36 88
29 48
40 44
0 2
65 92
10 67
29 36
33 95
47 57
27 85
23 45
23 44
8 57
8 53
16 18
10 26
79 93
7 82
50 52
8 49
63 94
58 97
51 65
58 88
18 49
12 56
65 88
5 93
31 57
28 42
5 47
71 93
21 57
79 97
18 42
37 55
2 73
2 68
8 20
70 80
67 85
35 82
4 82
18 78
16 37
13 44
81 99
26 49
69 73
6 58
8 20
61 91
16 75
53 88
6 9
55 65
40 96
32 57
15 26
26 77
28 33
64 67
17 69
3 71
11 74
13 90
13 40
52 80
19 71
1 77
31 81
10 30
38 44
27 49
10 24
21 65
70 85
31 96
81 90
41 48
87 97
48 65
47 99
65 76
96 99
19 62
29 92
11 56
5 67
18 83
43 98
0 62
24 63
68 86
12 82
21 67
26 49
69 93
46 67
21 40
39 92
52 88
29 34
31 82
57 99
46 91
5 59
51 94
64 74
50 61
45 95
7 73
6 76
11 65
57 93
2 82
26 99
44 47
12 100
31 86
41 80
76 94
68 92
61 79
90 94
27 47
59 81
42 67
16 95
42 52
28 90
16 33
16 34
50 88
36 88
30 67
47 75
41 78
65 91
15 85
40 84
22 82
12 43
25 73
14 77
9 45
70 95
3 18
28 61
37 56
19 68
77 85
13 43
15 67
21 89
43 88
56 78
60 70
66 99
3 28
13 21
40 96
26 83
16 47
30 73
47 57
30 85
45 77
66 72
0 59
70 71
34 82
38 45
17 35
12 73
18 88
41 96
21 60
25 36
82 94
51 81
64 75
55 99
47 93
9 100
32 44
53 87
14 50
6 17
52 58
28 86
37 67
94 95
89 91
12 83
21 53
41 73
37 87
0 35
25 67
61 76
81 97
44 69
1 82
2 79
0 94
31 57
5 14
32 39
30 64
1 58
12 96
34 49
4 71
22 93
14 38
46 63
29 74
0 78
65 87
64 94
20 70
2 49
80 82
49 82
60 70
11 80
52 89
41 91
79 86
50 56
10 87
24 49
63 80
47 92
69 90
19 81
18 48
9 88
61 82
24 98
59 83
5 75
22 45
15 74
3 30
28 55
14 99
16 18
37 76
4 80
33 52
22 80
31 87
12 61
0 51
57 94
28 91
4 96
3 77
67 71
24 84
85 98
19 74
34 57
11 83
11 16
30 87
24 99
55 81
44 60
34 38
4 74
24 31
45 61
65 75
24 42
15 86
6 83
52 94
6 84
17 44
32 85
39 94
47 90
28 33
67 91
69 92
26 67
44 65
11 85
34 40
65 82
65 97
13 81
76 94
57 90
38 76
8 58
93 97
73 93
84 88
62 67
20 88
18 84
42 80
74 93
19 51
15 93
8 48
30 59
57 95
26 97
74 76
85 95
47 70
12 42
84 90
82 85
6 92
16 57
90 95
18 46
16 18
20 46
3 22
28 78
51 97
78 100
87 90
14 36
54 85
13 38
67 79
29 40
25 36
9 61
45 82
52 62
4 75
8 12
89 100
11 95
74 90
22 96
57 93
0 45
7 97
41 75
4 76
23 93
74 98
18 80
28 43
19 73
12 43
26 37
8 34
37 52
83 94
70 96
21 85
13 35
41 71
34 97
17 57
0 78
19 38
8 81
1 49
21 41
11 35
60 70
52 83
13 17
44 74
54 58
75 93
