492760761
592565784
438128827
301612624
932093295
827620200
196203924
160960134
808625092
636352830
424332248
927864672
537827744
782867793
103050259
644400439
187622567
397395340
454453061
121997676
539573560
441826106
619446972
979740916
864690115
739032019
592565784
136077961
932093295
220113091
860089939
370687596
823907652
438128827
226174167
489203655
824991944
454386113
623566921
511744597
698995609
554702936
18032520
746598704
951057300
839794689
451925406
29015748
220113091
126148880
220113091
104849716
527446707
493498987
181624380
821876909
680528073
458271026
545578670
529309115
822222673
831516198
579957353
616040984
836731304
313288927
985233473
152933327
23760296
752404542
260915729
527829777
707997323
976195711
312647202
220113091
607408562
538803408
438128827
54904679
758569656
189328815
793620819
465721985
614230775
424332248
946350931
755986605
19223101
619446972
264850127
630175750
671699898
476950088
39307310
810139861
110095494
220113091
143220427
781647759
589437789
451925406
630175750
896153716
411306501
167280640
672560464
582949987
509788527
424332248
401175420
630175750
911347338
290346737
740866947
864690115
126148880
444853788
729766655
558589818
906256221
901542957
123137135
405646737
957090988
254495842
674328521
424332248
94123430
875849610
683085933
31792205
206186892
698017364
397895338
810139861
55756600
630175750
302588448
799560979
599439007
716381588
331634745
405939137
151096802
321485418
272342018
329988044
290346737
212384206
672697325
874240060
476950088
721691811
268393402
903186571
365273872
54676687
511922220
529309115
494281081
106687234
384172237
478571992
795191015
405646737
671699898
527446707
333538948
34591852
260915729
750265319
630175750
430575748
261936885
185011614
871821701
462530096
625802567
125275235
671699898
373587755
821876909
397808783
851857963
685204676
330068691
607408562
186159686
194705867
465721985
253093610
751907896
802197818
328044162
451925406
157155924
119379337
142499025
476767471
424502144
842657611
722378498
424717664
860763128
482530467
694502651
298259366
478571992
230241863
141849440
272342018
845961762
723788654
265049796
516648573
548208781
710268395
470753588
670099653
410952050
672697325
424717664
550272391
795191015
297108719
729631399
770667457
650598256
261936885
577994178
928850875
30635227
963042699
248743363
312734285
807474936
192497483
822222673
671699898
409629045
514433993
754521198
123032763
822205537
237831849
511922220
911025661
242104291
438128827
763945499
925117589
16252635
612585348
592000293
839776238
411306501
111763211
268393402
906188740
36274560
582949987
151704072
943857073
333538948
872049988
169038648
536772915
799782285
269447133
671699898
675246174
519391446
817330200
847147649
626024684
99905706
434840625
565684596
522928135
12906601
218932268
266472331
572495936
492267928
646328160
302906040
651771176
424717664
473802055
204995361
220113091
663127403
986802604
537827744
516003297
596496651
313809341
543074579
259671867
397808783
505442971
518052984
424332248
455649279
146307167
187622567
451925406
424332248
695779187
472668561
704682737
759356853
894604199
948592357
124228981
824991944
447529600
995835288
34429134
576395732
762517841
755986605
822222673
879971797
548208781
213261878
903186571
871621559
294335638
379024439
329761489
36652885
90828842
539795281
123032763
722378498
919407426
489429454
365821962
149306916
370556561
978827908
822222673
807019106
734056522
265858463
424717664
704485613
55947052
648412906
438128827
145992770
284213205
721101318
49587315
585409509
985028739
288219446
731835118
95037755
495638639
350978125
821097045
279226338
305314132
37548122
979604279
171766048
182196554
485028111
691681484
426444753
3292382
856731197
847886049
375847819
494773871
377490438
932650116
614693550
493498987
59622269
513568058
845767733
925569037
693363512
220113091
99905706
343091545
279932283
866717601
178245454
665610487
522197858
494281081
540916553
630175750
519391446
333538948
773147837
728063044
905599830
623533639
976195711
607408562
657988081
932093295
300221313
438128827
311811228
114952002
242104291
289449786
293930284
351098332
449358199
112678104
548208781
762517841
184029439
561837857
904659823
519285243
360154585
163816923
321063335
518580817
886238431
893850189
67535680
929423678
529309115
95394281
137506488
595740252
130134549
864185535
29546359
616133178
441007236
808517515
120647967
424332248
623563195
672991489
538803408
370687596
462510903
755986605
614230775
648412906
741977262
235491022
873750436
438128827
74503613
427683019
66773267
470667420
279167528
713765837
92981601
378786720
784063290
896171034
822222673
289449786
254868143
569225918
208817048
646328160
370677274
418831013
220113091
411306501
263359429
905319968
126148880
676316370
734785017
630175750
707997323
860136774
333538948
630175750
804540316
196822032
208134427
832347734
693175334
345802398
376627859
630175750
196822032
163816923
411582558
475474209
677032208
309553802
675717649
943170970
103159557
106687234
919252352
652470304
931638610
195873783
739310043
371041802
476950088
925117589
598795534
666306820
630175750
358062079
35290153
330068691
372495150
470667420
78162415
795191015
665610487
630175750
166256633
87396707
716731454
494281081
579639870
26441823
171159619
105374330
795191015
11194974
619446972
337697012
671699898
478571992
540078942
960592893
213261878
245173461
30187181
558589818
659658992
4201581
754521198
187622567
691681484
657988081
31673032
663127403
630480430
259539343
469178632
158599898
468075034
438128827
630175750
461579184
50414223
3025628
612585348
893428447
946350931
283992713
903568544
471278726
636352830
268393402
112678104
196822032
271398818
130770330
722976056
220113091
438128827
397895338
991705554
941451191
220113091
801405470
822222673
219982008
728318422
630175750
529082561
760321952
20703077
852790337
321493677
210015862
298815284
621306681
594006119
860089939
202852701
484242708
836731304
405646737
290346737
609058643
119379337
605431525
869682793
824085507
463438813
50414223
904865934
64774951
548208781
655008614
529309115
410818267
516003297
372740995
452880082
478571992
132972504
20468220
104849716
508752195
196020153
743460031
529309115
6897425
865134054
93032961
867752901
905618491
259566929
878934391
886423316
939013605
224934717
817477495
242982300
752404542
286097216
321493677
214047221
799782285
728063044
831516198
114833257
980109421
86057125
61195531
936417922
738219847
867752901
633959032
691181528
746598704
457918520
698017364
633577156
242263897
279481919
188274775
950669804
651563394
709642190
293890571
520173317
735390016
987078039
61195531
296359943
424332248
746598704
771417148
630175750
700139483
598795534
648640585
226174167
14080310
527446707
648412906
485779379
424332248
294728087
316703096
318330582
367946611
516648573
411306501
622485388
671699898
455897762
671699898
289341021
996991435
629887299
741977262
298256950
564284228
967963779
932093295
248830881
746598704
178040304
189328815
811869753
587938019
672697325
161873550
860763128
618801218
194296449
316703096
288624534
735940318
362620002
28847650
424717664
407496332
693175334
671699898
457103768
987691184
424717664
90828842
184029439
278939226
438128827
23760296
680054651
703121777
502342869
517496900
830681528
424332248
312931078
94096567
35290153
622485388
722378498
464812097
106687234
290857051
846133097
483313523
746598704
143178686
941451191
129872377
996281163
17402155
739032019
906466908
612536588
288062965
178040304
426444753
922022241
321063335
29015748
834190933
973305157
979285710
424332248
438128827
414932549
247167906
527446707
411306501
38988908
898557018
844340639
102011738
491235937
73889226
424332248
61195531
28817971
638111731
447517124
409629045
783910166
483313523
120217955
979740916
55756600
318330582
137506488
501657064
218524688
671699898
15605422
450302175
537827744
102011738
384373709
662431495
221971945
555054797
284213205
274571169
532593657
414436841
490989948
203557377
754521198
542007196
55838423
842657611
698158292
426444753
289045246
30635227
493498987
97604122
215586503
171857218
996281163
760321952
592565784
729631399
451925406
535626314
467284648
880929871
268393402
708743137
476893164
292294866
578525929
741977262
508752195
264850127
716381588
949789181
831516198
647475511
424717664
549708772
111454439
527446707
650598256
221186369
631527576
873328972
791822017
769144499
438128827
224104617
365788686
716381588
998334865
860077303
596005737
478571992
3360759
353773104
189328815
680054651
221186369
698995609
169249283
779239560
732633129
60175573
204477795
709729741
704682737
511922220
741081388
35290153
307928297
416941771
582025146
289449786
113156324
350978125
373248894
795191015
158272151
114833257
619446972
664434929
956245571
913474109
844695820
242982300
438128827
130134549
734056522
612536588
449185705
171370512
331839189
121185844
407496332
607775968
927512812
564215492
950568603
424332248
577512521
298259366
333538948
399530338
919407426
321493677
753711926
593725697
830702789
671699898
115560396
267396828
264850127
634987646
537827744
220113091
923869490
15837869
174276191
925569037
95226267
679592026
278939226
958834520
904865934
623533639
69358684
432422313
799782285
747666014
424717664
548208781
54864498
189328815
898286294
621153586
117153519
288995992
860089939
168049091
99905706
227483938
288372022
41505033
174276191
397808783
136395530
671699898
388812695
462282555
625028920
149277683
223790758
547300413
327216117
813463467
516003297
155415968
827620200
196822032
484242708
451925406
493498987
973305157
915178803
987078039
527446707
527829777
431086429
527446707
164449561
20632553
378473098
23760296
987078039
648412906
438128827
234124018
375787671
335632046
968166057
302157785
493498987
700139483
630175750
719693206
37548122
452880082
979740916
202318565
603135407
663127403
405816848
221210183
476950088
919407426
743692038
197011117
463069985
220113091
666697910
279447120
61195531
572752608
203717329
55947052
705406758
574712394
945225452
210768627
156678949
486993293
671699898
813605382
918033322
177632801
605220763
927512812
120217955
583068137
914166436
346974004
746598704
671699898
789944497
451925406
223790758
360711255
869105802
782867793
723788654
135690990
152143735
470753588
917533375
122342705
192769734
123456979
271641295
671699898
2271101
544788098
455649279
989422537
25020365
485028111
424717664
948154700
130126146
623533639
605431525
174276191
246081904
735390016
432666387
149706435
106862745
218939363
70429567
255229504
476950088
662431495
807641130
204595511
267396828
214061092
493498987
527446707
134268670
652470304
555375357
786348799
431252814
869422762
548208781
259665551
30294003
743201401
770719558
957090988
516003297
192486685
372274425
906188740
146291129
527446707
759356853
278806309
818483722
269447133
264974217
220113091
796991532
149306916
548208781
189481115
706770560
726134028
726134028
538803408
565684596
238199426
214061092
673995533
210768627
430575748
384373709
397895338
397808783
985028739
932093295
365821962
945238897
644400439
214061092
540078942
906290061
755986605
884406344
487303386
558589818
21019679
53078363
279473932
539573560
260096590
871621559
625802567
196822032
287911960
299075163
501657064
693175334
799782285
362534855
864767806
110652489
636352830
168049091
693175334
114833257
545793899
860763128
337007589
268833960
482415370
548208781
850638402
574688296
234505786
673995533
465721985
819795086
755986605
939013605
511922220
968767256
55947052
187622567
106687234
735823970
468075034
550145217
918682132
146307167
925569037
220113091
184029439
207905380
505657100
292527568
527829777
268833960
787683953
925569037
415934575
540008005
532593657
219982008
909043015
924667744
223280611
874734903
555375357
823062774
188274775
298815284
301612624
787477099
136395530
388324472
455649279
685204676
996695347
840851611
422169315
482530467
646354002
577868327
919407426
269447133
328382916
511922220
202438589
469178632
196095589
476074709
929152444
871821701
818354849
271641295
489199492
127971489
554807445
203145552
687102238
773147837
187622567
936596430
630076981
220113091
481088547
630175750
889831253
822222673
333538948
460892049
17799244
990396451
922022241
672215922
672215922
536772915
441583371
644284872
114833257
127170378
518580817
108893412
691535829
739310043
468024176
498072157
646328160
271875287
337007589
739152009
644292361
823956150
693175334
527446707
15605422
424717664
49342573
671699898
438128827
54904679
263359429
334967615
544788098
960081269
787477099
253093610
479518564
817330200
424332248
911524121
114833257
290857051
424717664
956245571
248743363
43783668
822222673
312647202
270114408
932093295
627579127
960821643
670699182
913474109
101184728
17891254
196822032
350978125
330068691
372495150
630175750
450936100
192486685
455649279
87491435
856731197
123456979
950579632
964473001
827890493
529082561
876993998
302588448
33462106
791057951
577512521
548208781
388812695
719111684
432862986
927864672
316703096
432606722
343091545
468075034
929618955
297217255
409502246
651637481
633997449
670699182
500110687
460892049
735069849
169486484
512915646
494469231
454303735
371041802
719240115
292548249
634369045
459720765
508890336
79464663
779740674
224104617
407715317
733629950
54676687
680528073
265858463
242079424
676346585
954999367
548208781
330068691
987078039
50894498
822222673
103159557
222479733
741977262
769572984
43783668
489203655
886423316
987078039
996991435
370687596
103815220
370687596
360154585
214047221
548208781
152143735
360149959
770807314
954999367
782908368
827890493
478604540
262552299
819772404
412516762
566980021
860189528
232717544
73562779
941451191
998334865
864690115
282487780
55947052
120647967
106687234
141849440
262204190
493498987
206186892
856393335
567977181
414436841
580603676
375787671
423574908
547847191
18032520
527446707
603701535
422175699
302906040
397895338
55947052
972375036
178040304
30635227
194705867
220113091
516648573
661605680
548208781
424332248
505702680
123137135
220113091
590984284
424332248
309641412
380474766
438128827
174276191
124771250
737345045
569225918
520541157
203557377
123456979
597443082
948154700
671552421
92758894
106687234
240303854
452880082
411306501
234903027
217610125
508361122
202318565
489429454
824991944
51426596
648412906
851256354
289724562
537827744
368450953
894182294
598795534
504576662
621303662
224982414
372274425
262552299
215136917
706824274
546227215
248830881
397895338
61195531
164699854
951876353
220113091
32264026
108626874
671699898
490851058
229115165
966923580
616040984
451925406
246973630
820020755
451925406
124228981
411306501
67535680
979740916
451925406
36274560
925569037
864690115
89737329
182196554
357205934
822222673
391313516
186325074
887473684
301021244
117153519
823683616
271089958
891349276
618932561
542287289
783910166
954999367
265858463
370556561
565684596
630175750
774649159
51548234
927864672
417653820
50894498
558589818
671699898
397895338
9026737
522197858
240043494
450302175
216844378
827952682
284213205
123456979
624852371
423574908
489501669
438128827
179874597
757051908
312931078
211137978
939013605
574688296
233704497
308954958
309641412
709729741
455649279
220113091
302588448
107531227
522842247
450936100
917607165
312931078
2536896
969395585
294140476
493498987
411306501
330708412
204883593
537827744
479518564
508361122
470667420
822222673
589144124
163609071
533740716
822222673
449419091
950579632
700103457
149277683
204883593
128651677
105911635
224361206
688927475
529445825
987658619
932093295
284213205
345330716
32264026
923636049
174312719
782867793
332831429
488418322
130126146
473852317
672215922
126588750
625802567
729766655
609058643
518580817
954537221
489203655
449376753
114833257
613455242
67535680
697746858
771805168
320697016
220113091
685121221
196822032
350978125
751866060
547221896
795191015
311811228
839794689
397895338
694963066
779740674
110095494
527446707
10855370
621303662
255949213
675717649
627579127
815995511
751866060
184029439
20468220
130541965
932093295
424717664
611307763
95911994
123137135
401175420
289341021
75715787
709642190
799782285
115560396
441641364
352093502
280189222
592565784
817330200
176527278
279447120
20468220
792464636
55756600
182196554
497519566
761720849
669400279
438128827
568970855
59622269
824991944
73889226
932093295
420095947
424717664
864185535
780903983
937275481
470668638
713119209
540078942
869980397
123137135
468075034
126588750
107664198
237831849
28847650
88777852
950669804
589782362
661605680
619284531
15605422
943676300
648412906
916351363
830681528
810849471
318052830
672215922
755986605
612585348
48688201
922190848
438128827
4489209
144235178
32264026
811869753
932093295
196822032
822222673
411306501
770835024
709642190
572495936
782867793
880311645
925569037
952217989
622485388
979740916
213587344
384484175
954537221
647436565
925439031
692544066
455649279
746598704
70429567
280189222
790178629
866888812
493498987
48768989
81565023
664822986
380474766
868501733
262204190
623563195
1625492
29546359
811869753
566980021
97607341
452880082
458976234
535597698
424332248
851857963
17402155
333538948
540008005
220113091
223280611
795629556
884406344
574482359
808339282
822222673
156678949
193782306
333538948
746598704
242079424
479518564
932093295
438128827
424717664
48768989
328125639
444211035
465721985
121997676
69358684
791965487
592471686
899943627
389862101
969985252
229159766
705406758
60723517
498072157
860763128
184029439
432862986
220113091
196822032
234124018
407704327
197490317
411306501
375787671
723140225
108893412
537038632
822222673
438128827
120808841
799782285
836485124
639787217
630175750
565684596
735390016
741977262
569225918
612585348
823683616
6732774
237831849
326197716
909043015
915760357
537827744
687102238
63065821
783910166
12989063
438128827
632733665
932093295
473802055
61195531
424332248
676346585
135690990
4489209
106687234
78162415
721556145
146307167
536772915
186325074
424717664
600560681
639174520
529309115
289211329
810849471
6867624
946171315
592565784
6732774
328125639
927512812
669508292
220113091
176307767
527446707
451925406
645166524
605431525
917322680
512172381
11671565
718701633
155893919
214047221
555745480
639787217
700103457
646328160
987531
925569037
37548122
111454439
630175750
723824680
128076562
493498987
966763185
54705859
601678259
424332248
630175750
351985330
192486685
695935387
470668638
87396707
424717664
487303386
821097045
246081904
302588448
734785017
577512521
671699898
788315688
809688189
95911994
94123430
675511022
574403193
362154470
220113091
298569813
372274425
824512748
527446707
330068691
220113091
656553510
333538948
723788654
372332471
138062048
611192800
298646453
489203655
822222673
473802055
973371068
891349276
929423678
106687234
630175750
530512625
265529168
340661727
893850189
447081118
544580472
220113091
512915646
504576662
92758894
36652885
161873550
851293808
630175750
698995609
755986605
646328160
478571992
214047221
485779379
349307116
429685802
453914579
289449786
194296449
181212855
397808783
927864672
384484175
446761964
549708772
923636049
836485124
586741061
836485124
612585348
424636296
234505786
264974217
548208781
220113091
614693550
79464663
397808783
471050725
115081582
527446707
75235996
771417148
558589818
968767256
51355782
869980397
169038648
21158634
365273872
866167545
680054651
619559436
226002768
454422478
164699854
246081904
554702936
379503132
502400143
906290061
939278520
548208781
894539300
603722381
453835917
68543832
925569037
612585348
509788527
656717606
475200743
779676185
784906982
611307763
822222673
764072902
95037755
764072902
99905706
236794252
76638004
140096236
657988081
951876353
16252635
986025377
940314787
120384572
866717601
996281163
486993293
304608268
911347338
791057951
598795534
218932268
39760269
639875488
919598212
167280640
424717664
373587755
451925406
94900084
650598256
932093295
476950088
440602035
220113091
53078363
984214709
424332248
330068691
697746858
920618899
574403193
37548122
622485388
989818071
817330200
47941321
475292897
644292361
699902888
424717664
55947052
478571992
621303662
164699854
619446972
991147846
812317884
817330200
451925406
518737392
538586969
393324737
213261878
153874446
36652885
458976234
929618955
120217955
504576662
115560396
987691184
103815220
151185706
149306916
483888497
719111684
376627859
196822032
47336076
489203655
493498987
232843363
178245454
438128827
915760357
705171241
36652885
333538948
221971945
945750012
669359688
813211416
416942074
751866060
482530467
273586164
868806103
493391701
28029634
500652523
826611471
827082934
360154585
588475259
29015748
297217255
565684596
817477495
993676004
948763165
431252814
478571992
109293727
691681484
413647135
624825435
386701832
110143992
935892404
430575748
331839189
220113091
827545234
242263897
619258536
927864672
126148880
411306501
192486685
345802398
644122591
459720765
927864672
932093295
456932292
822222673
450302175
512172381
640972518
661605680
225195142
672697325
398124061
470667420
446761964
440602035
906466908
560249930
938047524
555555189
799782285
636352830
583068137
822222673
489203655
302588448
249196781
414554539
289341021
698017364
762538721
469409625
374582383
723140225
209907058
189328815
786348799
280189222
565684596
424717664
261740307
161873550
609058643
644122591
822222673
289724562
796991532
679592026
372917575
220113091
865155059
99533879
405646737
90828842
673143610
263359429
668715541
920618899
555124707
691535829
240043494
165975843
555124707
136395530
339807369
66773267
839776238
813014376
630175750
827890493
248830881
110487762
47336076
334900664
397895338
358041795
812317884
986025377
129872377
613143408
313809341
470667420
927864672
564481355
927512812
949789181
234124018
547847191
4489209
455649279
719240115
83452155
451925406
483313523
174276191
555745480
50894498
691681484
894539300
671699898
124037926
996695347
741977262
615232247
67535680
197011117
187622567
424717664
337007589
296359943
371041802
851373775
952217989
609058643
624825435
839794689
793023000
179874597
672560464
294517774
462510903
399328647
424717664
197011117
623533639
799782285
161873550
476950088
786348799
505756359
491235937
424332248
750453220
670699182
438128827
248743363
713072401
333538948
713273479
630175750
399328647
424332248
998334865
967963779
330068691
142009112
874734903
434995048
757051908
384373709
54904679
197011117
284326662
79464663
756511048
996281163
27629913
760321952
491235937
21158634
270114408
556617222
59622269
944630732
459720765
432422313
30294003
274571169
500652523
342586319
471913589
31792205
548208781
925569037
405939137
656553510
480345081
950568603
932093295
220113091
132716875
108426913
203145552
598795534
616133178
486162242
696765608
749332137
726056471
146291129
107531227
424717664
722378498
411306501
146307167
220113091
441826106
17402155
17402155
762659793
741977262
633243727
545578670
556477603
590984284
283992713
925569037
866739063
636414529
624825435
167990971
86562094
192046067
289557534
630175750
90828842
773419
671699898
399328647
529445825
220113091
804669601
205033915
990087622
715901690
928181262
248743363
699537407
646328160
213587344
373587755
110760567
446761964
827620200
115560396
493391701
782867793
441826106
424717664
811869753
574688296
535597698
746598704
771805168
422686343
680528073
936417922
827890493
822222673
451925406
851857963
835018836
141057827
333538948
471050725
60175573
411306501
424332248
908563948
17891254
590002517
505442971
471050725
600560681
211996436
108681214
424332248
759681898
108255728
799560979
333538948
923869490
776799214
374582383
927864672
397808783
574688296
423574908
795191015
871821701
108681214
220113091
218524688
115560396
963966585
665724867
621153586
495638639
553372502
357320934
152637863
905618491
746598704
220113091
29546359
186325074
54705859
915178803
411306501
333538948
779239560
328497547
330068691
488854722
28948050
174174757
148009345
693363512
586741061
670099653
775810404
705171241
424332248
489203655
827620200
111763211
61657710
384484175
700103457
184040504
669096301
701811684
967963779
718837242
967963779
863019659
90828842
836673715
289341021
333538948
220113091
726508421
656553510
169486484
489203655
563528078
312931078
174276191
473852317
484242708
186325074
17799244
39162163
713273479
723788654
806393957
967963779
333538948
537827744
186325074
248731457
867577260
470668638
279932283
167990971
266472331
762455645
172200813
298256950
919407426
713273479
733629950
298815284
671699898
70429567
152637863
46531486
164699854
589144124
804540316
911025661
728546026
796991532
675246174
700139483
815995511
733225732
919407426
923636049
441826106
86057125
799560979
308954958
592471686
832526282
772493484
132490785
656224694
407496332
827082934
333538948
357320934
500652523
84409610
379460209
746598704
424332248
494281081
673995533
194415397
555054797
290857051
220113091
987078039
825774282
955084223
469409625
114952002
752404542
452880082
247167906
82695229
4489209
182918488
414932549
123032763
661740123
898286294
627579127
585409509
700103457
646328160
283567949
836485124
845961762
337697012
424717664
985233473
626024684
969757481
53380544
675717649
548208781
313288927
932093295
365788686
780903983
278806309
798810692
459720765
548208781
454453061
836731304
438128827
693324061
103159557
932093295
36638748
995142028
72885937
277585241
630175750
300221313
630175750
220113091
618932561
196822032
95394281
468075034
226002768
479518564
495638639
606416741
707687838
897668909
828470912
396214050
633243727
782867793
630175750
213261878
799782285
259539343
539016065
644328387
894604199
140096236
220113091
432606722
603722381
902849533
432862986
771417148
163244152
220113091
772531692
746598704
38498518
813014376
493945216
350978125
644284872
679592026
470667420
428588038
844695820
377477517
438128827
685204676
280189222
265855588
918682132
109131249
861742177
623533639
337697012
99533879
949789181
621306681
55947052
108426913
397808783
321063335
174276191
306728751
129323413
511922220
630175750
220113091
546227215
13559499
465721985
944630732
549708772
192769734
144235178
596788879
14569762
532593657
220113091
700139483
755986605
872451185
229159766
957090988
973371068
518783179
646328160
729766655
894604199
107531227
30294003
392940268
106862745
447081118
108681214
143220427
39972472
582025146
685204676
365273872
623533639
367153244
196822032
289449786
644292361
964473001
590073552
997874805
817477495
894604199
489203655
343091545
424332248
210015862
196822032
118259986
176484391
826611471
822222673
289449786
234903027
203717329
397808783
138062048
438128827
106687234
472377495
455142854
134268670
454386113
152412504
928850875
90828842
840435632
860611551
15605422
537827744
639174520
246326648
121581259
277585241
858319926
799782285
411306501
925569037
110652489
806691188
54904679
106687234
605431525
299075163
796991532
321485418
414436841
917201230
395170954
259566929
644292361
297108719
193782306
343091545
718701633
817477495
346903329
130126146
450920114
741977262
808625092
846625978
68543832
229831849
973305157
493498987
54904679
546042723
433985555
351985330
581646773
693363512
68488461
33493829
822222673
540008005
360123582
125275235
360550282
99766370
751866060
424332248
110760567
205496834
441007236
735735987
192486685
564836617
679592026
746598704
439557673
129323413
221210183
652470304
386957910
610972432
253093610
520173317
587733982
288062965
779239560
166256633
48781377
719240115
187622567
384172237
574668581
678280912
558589818
132490785
163244152
444853788
204477795
782908368
927864672
418831013
682542435
671699898
234903027
692544066
894604199
203557377
549708772
647475511
121113469
537827744
382517587
333538948
675511022
548208781
746598704
185011614
253093610
458976234
933876456
452880082
919407426
966923580
407496332
680054651
996991435
634280127
292548249
462282555
705171241
407496332
424717664
282784361
455897762
333538948
220113091
141057827
368682405
734216374
197011117
254868143
265855588
512915646
700139483
585409509
603722381
358041795
827952682
106862745
799782285
465721985
432715693
550145217
262610396
55838423
307928297
502407919
990228604
245048245
388324472
702776122
542007196
476074709
461223519
544580472
220113091
669508292
927864672
595813934
672697325
824204142
411306501
451925406
839794689
428588038
565684596
696765608
75235996
624825435
87396707
579957353
709642190
451020950
263847609
376627859
414719927
3931658
497484133
15837869
118624185
220113091
285927726
869718220
461579184
670099653
748567542
840478166
194555544
178245454
669096301
669400279
830482416
630175750
120808841
979740916
86057125
397426497
156421266
438128827
470668638
868501733
632733665
431252814
984214709
376627859
548208781
592565784
493498987
63065821
623401490
874240060
266555656
128769185
316721685
444576261
860763128
577803695
438128827
99766370
952217989
201681038
471913589
155316958
59622269
672215922
656717606
824512748
360550282
197490317
118933081
70359321
630175750
726134028
630175750
438128827
449419091
762538721
54676687
736366366
549213163
494469231
106707033
318330582
850788235
772531692
220113091
925569037
416942074
132490785
424717664
822222673
968767256
110487762
741977262
928850875
220113091
547311928
697746858
685121221
866739063
206186892
822222673
856303551
104849716
949789181
186325074
248830881
452880082
181938439
596496651
192486685
876178886
630175750
55947052
374297945
328497547
529445825
693363512
950568603
279473932
760131072
3025628
549206828
38498518
267025237
582050410
683085933
288062965
248830881
501657064
673143610
55947052
632733665
656553510
454453061
779926944
791822017
763547748
702776122
589144124
224982414
556477603
68144249
789944497
927864672
502342869
630175750
945151080
630175750
746598704
